The parameters are in the following order: maximum branching factor, maximum depth, number of points for player 1 (the player who goes first), number of points for player 2, hit probability, random generator seed.

trees between 50kB and 150kB:
3, 15, 3, 3, 0.25, 22944
3, 15, 3, 3, 0.25, 24705
3, 15, 3, 3, 0.25, 27283
4, 12, 4, 4, 0.5, 10816
4, 12, 4, 4, 0.5, 11972
4, 12, 4, 4, 0.5, 12255
4, 12, 4, 4, 0.5, 12460
4, 12, 4, 4, 0.5, 12946
4, 12, 4, 4, 0.5, 13951
4, 12, 4, 4, 0.5, 1645
4, 12, 4, 4, 0.5, 16802
4, 12, 4, 4, 0.5, 18818
4, 12, 4, 4, 0.5, 20632
4, 12, 4, 4, 0.5, 21386
4, 12, 4, 4, 0.5, 2285
4, 12, 4, 4, 0.5, 2443
4, 12, 4, 4, 0.5, 3450
4, 12, 4, 4, 0.5, 4122
4, 12, 4, 4, 0.5, 420
4, 12, 4, 4, 0.5, 4369
4, 12, 4, 4, 0.5, 5684
4, 12, 4, 4, 0.5, 6612
4, 12, 4, 4, 0.5, 6655
4, 12, 4, 4, 0.5, 730
4, 12, 4, 4, 0.5, 8194
4, 12, 4, 4, 0.5, 8423
4, 12, 4, 4, 0.5, 912
4, 12, 4, 4, 0.5, 9922
5, 14, 3, 3, 0.75, 10108
5, 14, 3, 3, 0.75, 10118
5, 14, 3, 3, 0.75, 13818
5, 14, 3, 3, 0.75, 13991
5, 14, 3, 3, 0.75, 15518
5, 14, 3, 3, 0.75, 17
5, 14, 3, 3, 0.75, 23707
5, 14, 3, 3, 0.75, 24729
5, 14, 3, 3, 0.75, 24844
5, 14, 3, 3, 0.75, 26508
5, 14, 3, 3, 0.75, 28407
5, 14, 3, 3, 0.75, 3354
5, 14, 3, 3, 0.75, 5909
5, 14, 3, 3, 0.75, 8091
5, 14, 3, 3, 0.75, 8129
5, 8, 3, 3, 0.25, 11412
5, 8, 3, 3, 0.25, 12002
5, 8, 3, 3, 0.25, 13393
5, 8, 3, 3, 0.25, 13449
5, 8, 3, 3, 0.25, 1662
5, 8, 3, 3, 0.25, 24842
5, 8, 3, 3, 0.25, 28503
5, 8, 3, 3, 0.25, 28750
5, 8, 3, 3, 0.25, 3026
5, 8, 3, 3, 0.25, 30615
5, 8, 3, 3, 0.25, 3953
5, 8, 3, 3, 0.25, 4131
5, 8, 3, 3, 0.25, 5108
5, 8, 3, 3, 0.25, 7405
5, 8, 3, 3, 0.25, 808
6, 12, 4, 4, 0.7, 8201
6, 12, 4, 4, 0.9, 10043
6, 12, 4, 4, 0.9, 10343
6, 12, 4, 4, 0.9, 11046
6, 12, 4, 4, 0.9, 11086
6, 12, 4, 4, 0.9, 12102
6, 12, 4, 4, 0.9, 14300
6, 12, 4, 4, 0.9, 14408
6, 12, 4, 4, 0.9, 14866
6, 12, 4, 4, 0.9, 18865
6, 12, 4, 4, 0.9, 19801
6, 12, 4, 4, 0.9, 8167
7, 8, 3, 3, 0.75, 10551
7, 8, 3, 3, 0.75, 15120
7, 8, 3, 3, 0.75, 1739
7, 8, 3, 3, 0.75, 17900
7, 8, 3, 3, 0.75, 18322
7, 8, 3, 3, 0.75, 19276
7, 8, 3, 3, 0.75, 19359
7, 8, 3, 3, 0.75, 19800
7, 8, 3, 3, 0.75, 19863
7, 8, 3, 3, 0.75, 2990
7, 8, 3, 3, 0.75, 3150
7, 8, 3, 3, 0.75, 3266
7, 8, 3, 3, 0.75, 3710
7, 8, 3, 3, 0.75, 3787
7, 8, 3, 3, 0.75, 4646
7, 8, 3, 3, 0.75, 5505
7, 8, 3, 3, 0.75, 5639
7, 8, 3, 3, 0.75, 6252
7, 8, 3, 3, 0.75, 7578
7, 9, 1, 1, 0.1, 12529
7, 9, 1, 1, 0.1, 14552
7, 9, 1, 1, 0.1, 17759
7, 9, 1, 1, 0.1, 21183
7, 9, 1, 1, 0.1, 23681
7, 9, 1, 1, 0.1, 24686
7, 9, 1, 1, 0.1, 24787
7, 9, 1, 1, 0.1, 26636
7, 9, 1, 1, 0.1, 32402
7, 9, 1, 1, 0.1, 3498
7, 9, 1, 1, 0.1, 4455

trees between 1MB and 5MB:
3, 15, 3, 3, 0.25, 10618
3, 15, 3, 3, 0.25, 11052
3, 15, 3, 3, 0.25, 12409
3, 15, 3, 3, 0.25, 16766
3, 15, 3, 3, 0.25, 17181
3, 15, 3, 3, 0.25, 19527
3, 15, 3, 3, 0.25, 23904
3, 15, 3, 3, 0.25, 24154
3, 15, 3, 3, 0.25, 24281
3, 15, 3, 3, 0.25, 2594
3, 15, 3, 3, 0.25, 26324
3, 15, 3, 3, 0.25, 26340
3, 15, 3, 3, 0.25, 26817
3, 15, 3, 3, 0.25, 27217
3, 15, 3, 3, 0.25, 27251
3, 15, 3, 3, 0.25, 27835
3, 15, 3, 3, 0.25, 2846
3, 15, 3, 3, 0.25, 28909
3, 15, 3, 3, 0.25, 29309
3, 15, 3, 3, 0.25, 29636
3, 15, 3, 3, 0.25, 30580
3, 15, 3, 3, 0.25, 31572
3, 15, 3, 3, 0.25, 32000
3, 15, 3, 3, 0.25, 3561
3, 15, 3, 3, 0.25, 5034
3, 15, 3, 3, 0.25, 5104
3, 15, 3, 3, 0.25, 5344
3, 15, 3, 3, 0.25, 6537
3, 15, 3, 3, 0.25, 7633
3, 15, 3, 3, 0.25, 8147
4, 24, 3, 3, 0.5, 10317
4, 24, 3, 3, 0.5, 10807
4, 24, 3, 3, 0.5, 12335
4, 24, 3, 3, 0.5, 12480
4, 24, 3, 3, 0.5, 17255
4, 24, 3, 3, 0.5, 2021
4, 24, 3, 3, 0.5, 20277
4, 24, 3, 3, 0.5, 21344
4, 24, 3, 3, 0.5, 22617
4, 24, 3, 3, 0.5, 2633
4, 24, 3, 3, 0.5, 2908
4, 24, 3, 3, 0.5, 3431
4, 24, 3, 3, 0.5, 3461
4, 24, 3, 3, 0.5, 4444
4, 24, 3, 3, 0.5, 6713
4, 24, 3, 3, 0.5, 8307
4, 24, 3, 3, 0.5, 8359
6, 12, 4, 4, 0.7, 10334
6, 12, 4, 4, 0.7, 11056
6, 12, 4, 4, 0.7, 11227
6, 12, 4, 4, 0.7, 11418
6, 12, 4, 4, 0.7, 11824
6, 12, 4, 4, 0.7, 14609
6, 12, 4, 4, 0.7, 15547
6, 12, 4, 4, 0.7, 15964
6, 12, 4, 4, 0.7, 16014
6, 12, 4, 4, 0.7, 16046
6, 12, 4, 4, 0.7, 17118
6, 12, 4, 4, 0.7, 17641
6, 12, 4, 4, 0.7, 17691
6, 12, 4, 4, 0.7, 17706
6, 12, 4, 4, 0.7, 17811
6, 12, 4, 4, 0.7, 17939
6, 12, 4, 4, 0.7, 18139
6, 12, 4, 4, 0.7, 18690
6, 12, 4, 4, 0.7, 19132
6, 12, 4, 4, 0.7, 19643
6, 12, 4, 4, 0.7, 2033
6, 12, 4, 4, 0.7, 21333
6, 12, 4, 4, 0.7, 23016
6, 12, 4, 4, 0.7, 23659
6, 12, 4, 4, 0.7, 24036
6, 12, 4, 4, 0.7, 26109
6, 12, 4, 4, 0.7, 317
6, 12, 4, 4, 0.7, 31999
6, 12, 4, 4, 0.7, 4223
6, 12, 4, 4, 0.7, 5838
6, 12, 4, 4, 0.7, 7224
6, 12, 4, 4, 0.7, 7299
6, 12, 4, 4, 0.7, 7365
6, 12, 4, 4, 0.7, 8416
6, 12, 4, 4, 0.7, 8440
6, 12, 4, 4, 0.7, 8
6, 12, 4, 4, 0.7, 9060
6, 12, 4, 4, 0.7, 993
6, 24, 5, 5, 0.9, 11463
6, 24, 5, 5, 0.9, 11848
6, 24, 5, 5, 0.9, 13967
6, 24, 5, 5, 0.9, 2008
6, 24, 5, 5, 0.9, 2104
6, 24, 5, 5, 0.9, 3195
6, 24, 5, 5, 0.9, 422
6, 24, 5, 5, 0.9, 4268
6, 24, 5, 5, 0.9, 4891
6, 24, 5, 5, 0.9, 5351
6, 24, 5, 5, 0.9, 5669
6, 24, 5, 5, 0.9, 6035
6, 24, 5, 5, 0.9, 6703
6, 24, 5, 5, 0.9, 723
6, 24, 5, 5, 0.9, 902

trees between 50MB and 150MB:
4, 21, 8, 8, 0.5, 11252
4, 21, 8, 8, 0.5, 13733
4, 21, 8, 8, 0.5, 1403
4, 21, 8, 8, 0.5, 14600
4, 21, 8, 8, 0.5, 14667
4, 21, 8, 8, 0.5, 14765
4, 21, 8, 8, 0.5, 15584
4, 21, 8, 8, 0.5, 15651
4, 21, 8, 8, 0.5, 15914
4, 21, 8, 8, 0.5, 16128
4, 21, 8, 8, 0.5, 16426
4, 21, 8, 8, 0.5, 16987
4, 21, 8, 8, 0.5, 17477
4, 21, 8, 8, 0.5, 18360
4, 21, 8, 8, 0.5, 18702
4, 21, 8, 8, 0.5, 18739
4, 21, 8, 8, 0.5, 19389
4, 21, 8, 8, 0.5, 20307
4, 21, 8, 8, 0.5, 20596
4, 21, 8, 8, 0.5, 22719
4, 21, 8, 8, 0.5, 25235
4, 21, 8, 8, 0.5, 25563
4, 21, 8, 8, 0.5, 25569
4, 21, 8, 8, 0.5, 25944
4, 21, 8, 8, 0.5, 25997
4, 21, 8, 8, 0.5, 27381
4, 21, 8, 8, 0.5, 29115
4, 21, 8, 8, 0.5, 29825
4, 21, 8, 8, 0.5, 30271
4, 21, 8, 8, 0.5, 30876
4, 21, 8, 8, 0.5, 31267
4, 21, 8, 8, 0.5, 31311
4, 21, 8, 8, 0.5, 32404
4, 21, 8, 8, 0.5, 3718
4, 21, 8, 8, 0.5, 3810
4, 21, 8, 8, 0.5, 3971
4, 21, 8, 8, 0.5, 4174
4, 21, 8, 8, 0.5, 5326
4, 21, 8, 8, 0.5, 5757
4, 21, 8, 8, 0.5, 5985
4, 21, 8, 8, 0.5, 7513
4, 21, 8, 8, 0.5, 8530
4, 21, 8, 8, 0.5, 9134
6, 20, 6, 6, 0.25, 18191
7, 15, 5, 5, 0.55, 10531
7, 15, 5, 5, 0.55, 10769
7, 15, 5, 5, 0.55, 10995
7, 15, 5, 5, 0.55, 11666
7, 15, 5, 5, 0.55, 12380
7, 15, 5, 5, 0.55, 12642
7, 15, 5, 5, 0.55, 12964
7, 15, 5, 5, 0.55, 13113
7, 15, 5, 5, 0.55, 13127
7, 15, 5, 5, 0.55, 13349
7, 15, 5, 5, 0.55, 13643
7, 15, 5, 5, 0.55, 14706
7, 15, 5, 5, 0.55, 15332
7, 15, 5, 5, 0.55, 16024
7, 15, 5, 5, 0.55, 18155
7, 15, 5, 5, 0.55, 19028
7, 15, 5, 5, 0.55, 20833
7, 15, 5, 5, 0.55, 22322
7, 15, 5, 5, 0.55, 22831
7, 15, 5, 5, 0.55, 22896
7, 15, 5, 5, 0.55, 22
7, 15, 5, 5, 0.55, 23501
7, 15, 5, 5, 0.55, 23604
7, 15, 5, 5, 0.55, 24407
7, 15, 5, 5, 0.55, 26547
7, 15, 5, 5, 0.55, 26583
7, 15, 5, 5, 0.55, 2766
7, 15, 5, 5, 0.55, 28597
7, 15, 5, 5, 0.55, 29219
7, 15, 5, 5, 0.55, 2951
7, 15, 5, 5, 0.55, 30898
7, 15, 5, 5, 0.55, 30996
7, 15, 5, 5, 0.55, 31365
7, 15, 5, 5, 0.55, 3246
7, 15, 5, 5, 0.55, 3833
7, 15, 5, 5, 0.55, 403
7, 15, 5, 5, 0.55, 4473
7, 15, 5, 5, 0.55, 4798
7, 15, 5, 5, 0.55, 5557
7, 15, 5, 5, 0.55, 6048
7, 15, 5, 5, 0.55, 8280
7, 15, 5, 5, 0.55, 9385
7, 15, 5, 5, 0.55, 9696
7, 15, 5, 5, 0.55, 9859
7, 24, 3, 3, 0.5, 24071
7, 24, 3, 3, 0.5, 29113
8, 15, 5, 5, 0.7, 12809
8, 15, 5, 5, 0.7, 15477
8, 15, 5, 5, 0.7, 17228
8, 15, 5, 5, 0.7, 18220
8, 15, 5, 5, 0.7, 25155
8, 15, 5, 5, 0.7, 3071
8, 15, 5, 5, 0.7, 4429
8, 15, 5, 5, 0.7, 583
8, 15, 5, 5, 0.7, 8039
8, 15, 5, 5, 0.7, 8383

trees between 1GB and 5GB:
6, 20, 6, 6, 0.25, 15008
6, 20, 6, 6, 0.25, 23111
6, 20, 6, 6, 0.25, 23229
6, 20, 6, 6, 0.25, 24206
6, 20, 6, 6, 0.25, 24873
6, 20, 6, 6, 0.25, 26315
6, 20, 6, 6, 0.25, 26328
6, 20, 6, 6, 0.25, 26455
6, 20, 6, 6, 0.25, 26794
6, 20, 6, 6, 0.25, 28202
6, 20, 6, 6, 0.25, 29117
6, 20, 6, 6, 0.25, 29492
6, 20, 6, 6, 0.25, 30037
6, 20, 6, 6, 0.25, 30247
6, 20, 6, 6, 0.25, 31022
6, 20, 6, 6, 0.25, 32375
6, 20, 6, 6, 0.25, 5498
6, 20, 6, 6, 0.25, 5826
6, 30, 4, 4, 0.5, 14841
6, 30, 4, 4, 0.5, 15113
6, 30, 4, 4, 0.5, 17925
6, 30, 4, 4, 0.5, 19837
6, 30, 4, 4, 0.5, 23606
6, 30, 4, 4, 0.5, 2394
6, 30, 4, 4, 0.5, 29605
6, 30, 4, 4, 0.5, 5364
6, 30, 4, 4, 0.5, 7533
7, 20, 6, 6, 0.75, 10145
7, 20, 6, 6, 0.75, 10578
7, 20, 6, 6, 0.75, 1091
7, 20, 6, 6, 0.75, 11104
7, 20, 6, 6, 0.75, 11154
7, 20, 6, 6, 0.75, 12446
7, 20, 6, 6, 0.75, 14165
7, 20, 6, 6, 0.75, 16111
7, 20, 6, 6, 0.75, 21417
7, 20, 6, 6, 0.75, 2299
7, 20, 6, 6, 0.75, 27378
7, 20, 6, 6, 0.75, 3664
7, 20, 6, 6, 0.75, 3813
7, 20, 6, 6, 0.75, 5589
7, 20, 6, 6, 0.75, 5831
7, 20, 6, 6, 0.75, 8141
7, 20, 6, 6, 0.75, 8395
7, 20, 6, 6, 0.75, 8827
7, 20, 6, 6, 0.75, 9011
7, 20, 7, 7, 0.75, 10370
7, 20, 7, 7, 0.75, 12738
7, 20, 7, 7, 0.75, 16038
7, 20, 7, 7, 0.75, 18587
7, 20, 7, 7, 0.75, 19018
7, 20, 7, 7, 0.75, 20513
7, 20, 7, 7, 0.75, 22458
7, 20, 7, 7, 0.75, 28172
7, 20, 7, 7, 0.75, 28493
7, 20, 7, 7, 0.75, 29544
7, 20, 7, 7, 0.75, 29732
7, 20, 7, 7, 0.75, 29870
7, 20, 7, 7, 0.75, 30860
7, 20, 7, 7, 0.75, 30974
7, 20, 7, 7, 0.75, 31006
7, 20, 7, 7, 0.75, 31008
7, 20, 7, 7, 0.75, 31106
7, 20, 7, 7, 0.75, 31368
7, 20, 7, 7, 0.75, 4227
7, 20, 7, 7, 0.75, 6348
7, 20, 7, 7, 0.75, 6450
7, 20, 7, 7, 0.75, 6921
7, 20, 7, 7, 0.75, 7797
7, 20, 7, 7, 0.75, 9668
7, 20, 7, 7, 0.75, 9757
7, 24, 3, 3, 0.5, 10891
7, 24, 3, 3, 0.5, 13504
7, 24, 3, 3, 0.5, 14038
7, 24, 3, 3, 0.5, 14404
7, 24, 3, 3, 0.5, 15128
7, 24, 3, 3, 0.5, 16597
7, 24, 3, 3, 0.5, 19042
7, 24, 3, 3, 0.5, 20936
7, 24, 3, 3, 0.5, 21842
7, 24, 3, 3, 0.5, 22087
7, 24, 3, 3, 0.5, 22158
7, 24, 3, 3, 0.5, 24256
7, 24, 3, 3, 0.5, 24430
7, 24, 3, 3, 0.5, 25461
7, 24, 3, 3, 0.5, 25488
7, 24, 3, 3, 0.5, 25910
7, 24, 3, 3, 0.5, 26024
7, 24, 3, 3, 0.5, 26335
7, 24, 3, 3, 0.5, 27358
7, 24, 3, 3, 0.5, 2814
7, 24, 3, 3, 0.5, 28502
7, 24, 3, 3, 0.5, 28543
7, 24, 3, 3, 0.5, 28842
7, 24, 3, 3, 0.5, 29072
7, 24, 3, 3, 0.5, 30015
7, 24, 3, 3, 0.5, 30028
7, 24, 3, 3, 0.5, 30332
7, 24, 3, 3, 0.5, 30824
7, 24, 3, 3, 0.5, 8583

trees between 5GB and 15GB:
3, 30, 12, 12, 0.5, 10582
6, 20, 6, 6, 0.25, 13039
6, 20, 6, 6, 0.25, 15353
6, 20, 6, 6, 0.25, 21490
6, 20, 6, 6, 0.25, 23280
6, 20, 6, 6, 0.25, 23441
6, 20, 6, 6, 0.25, 23461
6, 20, 6, 6, 0.25, 24478
6, 20, 6, 6, 0.25, 25024
6, 20, 6, 6, 0.25, 25726
6, 20, 6, 6, 0.25, 28277
6, 20, 6, 6, 0.25, 28345
6, 20, 6, 6, 0.25, 30253
6, 20, 6, 6, 0.25, 31293
6, 20, 6, 6, 0.25, 31326
6, 20, 6, 6, 0.25, 31478
6, 20, 6, 6, 0.25, 31779
6, 20, 6, 6, 0.25, 8613
6, 24, 6, 6, 0.5, 21049
6, 24, 6, 6, 0.5, 4897
6, 30, 4, 4, 0.5, 11756
6, 30, 4, 4, 0.5, 11763
6, 30, 4, 4, 0.5, 13637
6, 30, 4, 4, 0.5, 19954
6, 30, 4, 4, 0.5, 20570
6, 30, 4, 4, 0.5, 25055
6, 30, 4, 4, 0.5, 25917
6, 30, 4, 4, 0.5, 32266
6, 30, 4, 4, 0.5, 32578
6, 30, 4, 4, 0.5, 8473
6, 30, 4, 4, 0.5, 9551
7, 20, 7, 7, 0.75, 10193
7, 20, 7, 7, 0.75, 10534
7, 20, 7, 7, 0.75, 10794
7, 20, 7, 7, 0.75, 1147
7, 20, 7, 7, 0.75, 12474
7, 20, 7, 7, 0.75, 12819
7, 20, 7, 7, 0.75, 13012
7, 20, 7, 7, 0.75, 14201
7, 20, 7, 7, 0.75, 16065
7, 20, 7, 7, 0.75, 19029
7, 20, 7, 7, 0.75, 19235
7, 20, 7, 7, 0.75, 19283
7, 20, 7, 7, 0.75, 20279
7, 20, 7, 7, 0.75, 21241
7, 20, 7, 7, 0.75, 22933
7, 20, 7, 7, 0.75, 23750
7, 20, 7, 7, 0.75, 25148
7, 20, 7, 7, 0.75, 25491
7, 20, 7, 7, 0.75, 26266
7, 20, 7, 7, 0.75, 26396
7, 20, 7, 7, 0.75, 26695
7, 20, 7, 7, 0.75, 27177
7, 20, 7, 7, 0.75, 27475
7, 20, 7, 7, 0.75, 27625
7, 20, 7, 7, 0.75, 27665
7, 20, 7, 7, 0.75, 2825
7, 20, 7, 7, 0.75, 29112
7, 20, 7, 7, 0.75, 29124
7, 20, 7, 7, 0.75, 29380
7, 20, 7, 7, 0.75, 29753
7, 20, 7, 7, 0.75, 31564
7, 20, 7, 7, 0.75, 31595
7, 20, 7, 7, 0.75, 31796
7, 20, 7, 7, 0.75, 32093
7, 20, 7, 7, 0.75, 32186
7, 20, 7, 7, 0.75, 3267
7, 20, 7, 7, 0.75, 7027
7, 20, 7, 7, 0.75, 9035
7, 24, 3, 3, 0.5, 11583
7, 24, 3, 3, 0.5, 11747
7, 24, 3, 3, 0.5, 11914
7, 24, 3, 3, 0.5, 12469
7, 24, 3, 3, 0.5, 12844
7, 24, 3, 3, 0.5, 12913
7, 24, 3, 3, 0.5, 14352
7, 24, 3, 3, 0.5, 16037
7, 24, 3, 3, 0.5, 16318
7, 24, 3, 3, 0.5, 16502
7, 24, 3, 3, 0.5, 19142
7, 24, 3, 3, 0.5, 21634
7, 24, 3, 3, 0.5, 21672
7, 24, 3, 3, 0.5, 24467
7, 24, 3, 3, 0.5, 24476
7, 24, 3, 3, 0.5, 25920
7, 24, 3, 3, 0.5, 26130
7, 24, 3, 3, 0.5, 26425
7, 24, 3, 3, 0.5, 2797
7, 24, 3, 3, 0.5, 30008
7, 24, 3, 3, 0.5, 30768
7, 24, 3, 3, 0.5, 31273
7, 24, 3, 3, 0.5, 3809
7, 24, 3, 3, 0.5, 4318
7, 24, 3, 3, 0.5, 6003
7, 24, 3, 3, 0.5, 6411
7, 24, 3, 3, 0.5, 6495
7, 24, 3, 3, 0.5, 7999
7, 24, 3, 3, 0.5, 8813
7, 24, 3, 3, 0.5, 9565
7, 24, 3, 3, 0.5, 9642

trees between 75GB and 125GB:
6, 24, 6, 6, 0.5, 14429
6, 24, 6, 6, 0.5, 27765
6, 24, 6, 6, 0.5, 28638
6, 24, 6, 6, 0.5, 29465
6, 24, 6, 6, 0.5, 3572
6, 24, 6, 6, 0.5, 3826
7, 24, 5, 5, 0.5, 12438
7, 24, 5, 5, 0.5, 13308
7, 24, 5, 5, 0.5, 25841
7, 24, 5, 5, 0.5, 9007
